[{"id": 0, "img_name": "000001", "width": 1957, "height": 1091, "position": [3.3989622700470066, 0.6835340434263679, -2.2991544105562696], "rotation": [[0.7861880261556364, -0.01644204414928749, -0.6177686028875999], [-0.028784446228571188, 0.9975867826238479, -0.06318280453979654], [0.6173166474223896, 0.06745569151963769, 0.783817508414292]], "fy": 1156.2804049882861, "fx": 1163.2547280302354}, {"id": 1, "img_name": "000009", "width": 1957, "height": 1091, "position": [2.6431739583881524, 0.6658437095794836, -2.5124997347509708], "rotation": [[0.8697453578855775, -0.014958810241088296, -0.4932740074569709], [-0.027587438892225948, 0.9965037499795043, -0.07886196480023369], [0.49272907936497556, 0.08219799433658168, 0.8662918353968176]], "fy": 1156.2804049882861, "fx": 1163.2547280302354}, {"id": 2, "img_name": "000017", "width": 1957, "height": 1091, "position": [0.8480253415396308, 0.6127186804867769, -2.700434467749025], "rotation": [[0.9953763393765389, 0.006217986625242658, -0.09585029813041625], [-0.018212187963499528, 0.9920180252059546, -0.12477401122052637], [0.09430938033379042, 0.12594274218392335, 0.9875445136662198]], "fy": 1156.2804049882861, "fx": 1163.2547280302354}, {"id": 3, "img_name": "000025", "width": 1957, "height": 1091, "position": [0.15666249282760916, 0.33784015246188714, -2.1132629368045603], "rotation": [[0.7601576650026433, -0.26949448988371916, 0.591213196960321], [0.22519556155143744, 0.9628019526379179, 0.14932969916980726], [-0.6094647515609594, 0.01962447244963226, 0.7925702471616076]], "fy": 1156.2804049882861, "fx": 1163.2547280302354}, {"id": 4, "img_name": "000033", "width": 1957, "height": 1091, "position": [-1.7535317142551932, 0.12027249444571404, -1.4993904927251456], "rotation": [[0.5450173669365102, -0.2798182537393853, 0.7903529683703568], [0.2621019111609786, 0.9522814068313974, 0.1564055957086471], [-0.7964035772793563, 0.12190925755435975, 0.5923508040166644]], "fy": 1156.2804049882861, "fx": 1163.2547280302354}, {"id": 5, "img_name": "000041", "width": 1957, "height": 1091, "position": [0.2907324219006938, 0.3837360275540067, -3.0367084626436145], "rotation": [[0.9826244880628189, -0.07047032488257028, -0.1717062863445245], [0.07856869160102262, 0.996072411663675, 0.040825377188873246], [0.16815491714305067, -0.05360675361794788, 0.9843019048072388]], "fy": 1156.2804049882861, "fx": 1163.2547280302354}, {"id": 6, "img_name": "000049", "width": 1957, "height": 1091, "position": [-0.7313696955848933, 0.2240248977805773, -2.921779732433417], "rotation": [[0.8361747320172134, -0.23050222223876052, 0.4976751380960623], [0.17774383446971515, 0.9723143602904297, 0.1516967833575093], [-0.5188631292007017, -0.03838632980639947, 0.8539950484868457]], "fy": 1156.2804049882861, "fx": 1163.2547280302354}, {"id": 7, "img_name": "000057", "width": 1957, "height": 1091, "position": [-3.3363603622190463, 0.07314900637788693, -1.175964962096681], "rotation": [[0.502561924879356, -0.2875952238280092, 0.8153039303798763], [0.1809380981329218, 0.9571522441697609, 0.22609950491947572], [-0.8453951243682434, 0.03389054015662971, 0.5330652070641022]], "fy": 1156.2804049882861, "fx": 1163.2547280302354}, {"id": 8, "img_name": "000065", "width": 1957, "height": 1091, "position": [-4.040381352822158, -0.4047254545172611, 0.9630338840039754], "rotation": [[-0.22902552817943375, -0.27914869690508975, 0.9325359577294174], [0.132834167099069, 0.9400750026599982, 0.31402877802026524], [-0.9643144671180809, 0.19579324398455317, -0.17822068936231064]], "fy": 1156.2804049882861, "fx": 1163.2547280302354}, {"id": 9, "img_name": "000073", "width": 1957, "height": 1091, "position": [-2.2083622478979437, -0.6165186924225948, 3.2039217218354614], "rotation": [[-0.7719639336671776, -0.23359766296696194, 0.5911884783835615], [0.07044913571330451, 0.8928602718804501, 0.44478922443649316], [-0.6317504288833886, 0.38500995669455385, -0.6727991742353077]], "fy": 1156.2804049882861, "fx": 1163.2547280302354}, {"id": 10, "img_name": "000081", "width": 1957, "height": 1091, "position": [-0.17084637737579222, -0.7343446063331056, 5.334853064951695], "rotation": [[-0.9363226748108999, -0.07764816453945919, 0.342447968571306], [0.058056663394236194, 0.9275887727707688, 0.36906434732326476], [-0.34630806007150555, 0.3654447033044427, -0.8640144074934388]], "fy": 1156.2804049882861, "fx": 1163.2547280302354}, {"id": 11, "img_name": "000089", "width": 1957, "height": 1091, "position": [-2.3620187097286576, -0.6282094106803012, 2.90894141633758], "rotation": [[-0.6083262424783025, -0.2304013077286783, 0.75950932852016], [-0.0043863285607968925, 0.9578993289568241, 0.2870707851834154], [-0.7936749604428667, 0.1713012346160434, -0.5837259152933275]], "fy": 1156.2804049882861, "fx": 1163.2547280302354}, {"id": 12, "img_name": "000097", "width": 1957, "height": 1091, "position": [-0.660243010090274, -0.609853543799636, 3.6009391883905337], "rotation": [[-0.9685538117835444, -0.11865060303259026, 0.21869053038384786], [-0.05466587725715131, 0.9589716113683383, 0.2781817579449068], [-0.2427244436460244, 0.25747909233492206, -0.9353017488848784]], "fy": 1156.2804049882861, "fx": 1163.2547280302354}, {"id": 13, "img_name": "000105", "width": 1957, "height": 1091, "position": [2.114949985625061, -0.5194201774515352, 4.176205674189296], "rotation": [[-0.9260855603124708, -0.12739829099036118, -0.35515519204070717], [-0.2177343852647277, 0.9491780368212616, 0.2272725057932149], [0.30815137912092405, 0.2878032832836884, -0.9067590626384722]], "fy": 1156.2804049882861, "fx": 1163.2547280302354}, {"id": 14, "img_name": "000113", "width": 1957, "height": 1091, "position": [4.340106119873572, -0.2674214210342608, 2.764870282289476], "rotation": [[-0.4265467464795743, 0.08391344748399401, -0.9005644931924868], [-0.11791224232446686, 0.9820304846221574, 0.14735274134805537], [0.8967466622060578, 0.16904041115698248, -0.4089874854053266]], "fy": 1156.2804049882861, "fx": 1163.2547280302354}, {"id": 15, "img_name": "000121", "width": 1957, "height": 1091, "position": [5.16893928440376, 0.15099156380030218, 0.3766519615141539], "rotation": [[0.0325636097479146, 0.13035262045623627, -0.9909327957335843], [-0.11644308227972118, 0.9852016839977519, 0.125772216475627], [0.9926633970835143, 0.11129167169283741, 0.04726038406985391]], "fy": 1156.2804049882861, "fx": 1163.2547280302354}, {"id": 16, "img_name": "000129", "width": 1957, "height": 1091, "position": [4.505397758494443, 0.4201679314371174, -2.674322584000397], "rotation": [[0.7278397366710909, 0.062071749155286224, -0.682932218949553], [-0.010102164768134293, 0.9967573904123697, 0.07982888528170994], [0.685672854931238, -0.051203541040890525, 0.7261066956001161]], "fy": 1156.2804049882861, "fx": 1163.2547280302354}, {"id": 17, "img_name": "000137", "width": 1957, "height": 1091, "position": [1.4751410943954941, 0.4065397367498073, -2.153267600907493], "rotation": [[0.7320656502087357, 0.06252394854039683, -0.6783587838624768], [-0.04480656214124015, 0.9980422622117892, 0.043635018371232376], [0.6797589688805467, -0.001548773092616195, 0.7334339408074619]], "fy": 1156.2804049882861, "fx": 1163.2547280302354}, {"id": 18, "img_name": "000145", "width": 1957, "height": 1091, "position": [-0.4274727514212834, 0.058488233693010545, -1.6993360435523117], "rotation": [[0.7294299264063813, -0.13221277774806045, 0.6711570336835659], [0.10655902183764322, 0.991128377064647, 0.07943371477026269], [-0.675704933626939, 0.013576508289716767, 0.7370471634128127]], "fy": 1156.2804049882861, "fx": 1163.2547280302354}, {"id": 19, "img_name": "000153", "width": 1957, "height": 1091, "position": [-2.5221375699629025, 0.03859185212588847, -1.0987621824385003], "rotation": [[0.4185960028971001, -0.4056968371320227, 0.8125192075881308], [0.28220317006603063, 0.9084908741254207, 0.3082299505815613], [-0.8632142012057342, 0.10027167083429755, 0.4947795821018126]], "fy": 1156.2804049882861, "fx": 1163.2547280302354}, {"id": 20, "img_name": "000161", "width": 1957, "height": 1091, "position": [-3.5498943462335855, -0.299640665605747, 1.187808517760636], "rotation": [[-0.4196179021995068, -0.37896152796687443, 0.8248084483531292], [0.2093516595029565, 0.8437746307289401, 0.49418241085817555], [-0.8832285654444395, 0.38004280398298873, -0.274726715708]], "fy": 1156.2804049882861, "fx": 1163.2547280302354}, {"id": 21, "img_name": "000169", "width": 1957, "height": 1091, "position": [-1.2693762929739114, -0.5403619353496878, 2.8661083372320326], "rotation": [[-0.8514391595272917, -0.1803538106828092, 0.4924671162581806], [0.026470138568874632, 0.9230352870301243, 0.383803583439968], [-0.5237849648353831, 0.33982107331565736, -0.7811343986427629]], "fy": 1156.2804049882861, "fx": 1163.2547280302354}, {"id": 22, "img_name": "000177", "width": 1957, "height": 1091, "position": [1.6390446309385622, -0.4731415103432246, 3.469851297123589], "rotation": [[-0.9330412407965213, -0.015585452171185097, -0.3594316856559916], [-0.1489060565379615, 0.9262004753530364, 0.346380810354908], [0.3275072965587198, 0.37670913598747374, -0.866504008971897]], "fy": 1156.2804049882861, "fx": 1163.2547280302354}, {"id": 23, "img_name": "000185", "width": 1957, "height": 1091, "position": [4.1607774315981025, -0.05476407913315578, 1.685299634548567], "rotation": [[-0.3424123166689458, 0.2360863768883585, -0.9094047657897626], [-0.15035739241685095, 0.9416718067229951, 0.30107617469447007], [0.927440812094772, 0.2398279197065636, -0.28694269286777696]], "fy": 1156.2804049882861, "fx": 1163.2547280302354}, {"id": 24, "img_name": "000193", "width": 1957, "height": 1091, "position": [3.7342444867398363, 0.41465252698156696, -0.9301124486618924], "rotation": [[0.6605086836279943, 0.15446787229010056, -0.7347570722913684], [0.008592379937952017, 0.9769890398600356, 0.21311636962084357], [0.750769238753837, -0.14707852468506516, 0.6439824979900065]], "fy": 1156.2804049882861, "fx": 1163.2547280302354}, {"id": 25, "img_name": "000201", "width": 1957, "height": 1091, "position": [3.2271172254576515, 0.685668238868872, -2.8869330212214233], "rotation": [[0.8049908179641488, 0.09370493496441208, -0.5858405654755616], [-0.0887307301362588, 0.9953576034432099, 0.03728402871573952], [0.5866145587375896, 0.02196876034520335, 0.8095682386593475]], "fy": 1156.2804049882861, "fx": 1163.2547280302354}, {"id": 26, "img_name": "000209", "width": 1957, "height": 1091, "position": [1.1465079106769525, 0.4214136381326692, -2.432473767646139], "rotation": [[0.9936587844184169, 0.005792582366176399, -0.1122883170131469], [-0.0018682073020756564, 0.9993847652934134, 0.03502285969057151], [0.11242210614283289, -0.03459099433320832, 0.9930582727924122]], "fy": 1156.2804049882861, "fx": 1163.2547280302354}, {"id": 27, "img_name": "000217", "width": 1957, "height": 1091, "position": [-1.3696224573609448, 0.2644848453610612, -1.7520876367962281], "rotation": [[0.9998014923336657, 0.01801278641508602, 0.008515600562467517], [-0.01805919872782069, 0.9998223090385862, 0.005405154027309517], [-0.008416725532181988, -0.005557865985641722, 0.9999491331347817]], "fy": 1156.2804049882861, "fx": 1163.2547280302354}, {"id": 28, "img_name": "000225", "width": 1957, "height": 1091, "position": [-3.3477648137024, 0.31089611521016275, -1.2322335839823442], "rotation": [[0.5126146691456961, -0.1533468445874922, 0.8448141489296376], [0.11265930651201461, 0.9874283577822113, 0.11087433834642471], [-0.8511956776399187, 0.03834036388175036, 0.5234462100966387]], "fy": 1156.2804049882861, "fx": 1163.2547280302354}, {"id": 29, "img_name": "000233", "width": 1957, "height": 1091, "position": [-3.552922957816222, -0.3201417839245553, 1.1368023334927333], "rotation": [[-0.6612859917926633, -0.23679315105481236, 0.7117793483041817], [0.08694465289586896, 0.9182797044366343, 0.3862680568628274], [-0.7450781599212324, 0.3173190634571148, -0.5866576067648737]], "fy": 1156.2804049882861, "fx": 1163.2547280302354}, {"id": 30, "img_name": "000241", "width": 1957, "height": 1091, "position": [-2.776811770365831, -0.47222308302644944, 2.4349054593109303], "rotation": [[-0.7811599596502485, -0.19297318302819047, 0.5937596046138459], [0.08255022656991003, 0.9107589091925314, 0.4046031010999383], [-0.6188493981030269, 0.36507473201852636, -0.6955184127750486]], "fy": 1156.2804049882861, "fx": 1163.2547280302354}, {"id": 31, "img_name": "000249", "width": 1957, "height": 1091, "position": [-0.7453464164560571, -0.7977114101706947, 4.969558487798555], "rotation": [[-0.9756163398381265, -0.08670652504949773, 0.20163019603892962], [-0.008099439279389895, 0.9322570779826731, 0.3617058744816951], [-0.21933343685862364, 0.35125306983007154, -0.9102275124444077]], "fy": 1156.2804049882861, "fx": 1163.2547280302354}, {"id": 32, "img_name": "000002", "width": 1957, "height": 1091, "position": [3.4197873145641315, 0.7126429411208085, -2.445030924141538], "rotation": [[0.788986392959499, -0.010823068973684518, -0.6143153366983033], [-0.031849329254581504, 0.997780146390216, -0.05848418329388142], [0.6135846249302472, 0.06570875624686505, 0.7868902511797298]], "fy": 1156.2804049882861, "fx": 1163.2547280302354}, {"id": 33, "img_name": "000003", "width": 1957, "height": 1091, "position": [3.5449143846008746, 0.7325930171576371, -2.57533853656984], "rotation": [[0.7408179780614152, -0.006984202023919499, -0.6716695201533902], [-0.03954912445768043, 0.9977576533153408, -0.05399566654181636], [0.6705405208752317, 0.06656490195856374, 0.7388805882492918]], "fy": 1156.2804049882861, "fx": 1163.2547280302354}, {"id": 34, "img_name": "000004", "width": 1957, "height": 1091, "position": [3.59207835324691, 0.7473594673930097, -2.586668980664022], "rotation": [[0.6874002286328478, 0.001131541830313973, -0.7262779394202983], [-0.053810834577913115, 0.9973296123742253, -0.0493764960634674], [0.7242826242272672, 0.07302303673884969, 0.6856254927786012]], "fy": 1156.2804049882861, "fx": 1163.2547280302354}, {"id": 35, "img_name": "000005", "width": 1957, "height": 1091, "position": [3.531836769908901, 0.7372583024338519, -2.5911691962834627], "rotation": [[0.7232182527411503, 0.0013820828759646849, -0.6906181642188116], [-0.051052440525214335, 0.9973689693547696, -0.0514663704240362], [0.6887299958753481, 0.07247916124741388, 0.7213860020588245]], "fy": 1156.2804049882861, "fx": 1163.2547280302354}, {"id": 36, "img_name": "000006", "width": 1957, "height": 1091, "position": [3.384368741185079, 0.7263295720936694, -2.624840205963093], "rotation": [[0.7888732593306741, -0.002564109189231075, -0.6145505724161886], [-0.04199847645194038, 0.9974285025778006, -0.05807331763488465], [0.6131191635308059, 0.07162267510692473, 0.786736985098459]], "fy": 1156.2804049882861, "fx": 1163.2547280302354}, {"id": 37, "img_name": "000007", "width": 1957, "height": 1091, "position": [3.1815339208971514, 0.6909371739429508, -2.567019183623544], "rotation": [[0.8239391759654351, -0.010017841385991367, -0.5665896903080437], [-0.032047944346960545, 0.9974197665114926, -0.06423969672479715], [0.565771299707341, 0.07108763764625264, 0.821492169287901]], "fy": 1156.2804049882861, "fx": 1163.2547280302354}, {"id": 38, "img_name": "000008", "width": 1957, "height": 1091, "position": [2.934818689969258, 0.6725770257620531, -2.5516347260931287], "rotation": [[0.8325375797250156, -0.012639921020188846, -0.5538243500806163], [-0.03261921465868462, 0.9968864727096186, -0.07178681887105377], [0.5530073825733831, 0.07783053979755129, 0.8295331469532471]], "fy": 1156.2804049882861, "fx": 1163.2547280302354}, {"id": 39, "img_name": "000010", "width": 1957, "height": 1091, "position": [2.382315041194071, 0.6377683635950256, -2.39625207323648], "rotation": [[0.8544053296205655, -0.012519986335628903, -0.5194562374812033], [-0.035743324488355877, 0.9959254193236432, -0.08279476975960329], [0.5183762605198011, 0.08930738540110379, 0.8504764802405334]], "fy": 1156.2804049882861, "fx": 1163.2547280302354}, {"id": 40, "img_name": "000011", "width": 1957, "height": 1091, "position": [2.0424736810944526, 0.6017962027335222, -2.3277095540137993], "rotation": [[0.8273487291136238, -0.006431621204114912, -0.5616517735062877], [-0.05037395316666087, 0.9950554417885078, -0.08559867177380995], [0.5594251918500226, 0.09911257244045366, 0.8229338689759956]], "fy": 1156.2804049882861, "fx": 1163.2547280302354}, {"id": 41, "img_name": "000012", "width": 1957, "height": 1091, "position": [1.7653030928256408, 0.5744129142783958, -2.298513829684207], "rotation": [[0.747945344415729, -0.0011984337641632245, -0.663759237618091], [-0.07586557178822516, 0.9932906973105209, -0.08728118728354316], [0.6594104767017902, 0.11563803177541634, 0.7428362328420883]], "fy": 1156.2804049882861, "fx": 1163.2547280302354}, {"id": 42, "img_name": "000013", "width": 1957, "height": 1091, "position": [1.4531192966676254, 0.5945576940303512, -2.4088366085438406], "rotation": [[0.7557796400468366, 0.003904685910722642, -0.6548143928768003], [-0.08763848246814201, 0.9915891920151282, -0.09523849363291319], [0.6489349983483362, 0.1293662541265066, 0.7497651233632576]], "fy": 1156.2804049882861, "fx": 1163.2547280302354}, {"id": 43, "img_name": "000014", "width": 1957, "height": 1091, "position": [1.220805509548153, 0.5779302670737009, -2.473172779830026], "rotation": [[0.8063539057910721, 0.00899110162602925, -0.5913649792700216], [-0.0863783195368027, 0.9909533420399178, -0.10271445766743785], [0.5850915864456442, 0.1339053172636109, 0.799835734059845]], "fy": 1156.2804049882861, "fx": 1163.2547280302354}, {"id": 44, "img_name": "000015", "width": 1957, "height": 1091, "position": [1.0722366758871549, 0.6061255645445613, -2.6365012857691448], "rotation": [[0.8878934106603361, 0.009479029806545455, -0.4599515619061232], [-0.07130442029169858, 0.9905413563216249, -0.11723267916148769], [0.4544897919126682, 0.13688670282551965, 0.8801710399898063]], "fy": 1156.2804049882861, "fx": 1163.2547280302354}, {"id": 45, "img_name": "000016", "width": 1957, "height": 1091, "position": [0.9120238570627761, 0.6089672607721833, -2.673757879352866], "rotation": [[0.9536034802027521, 0.010018495196375892, -0.3008987077060979], [-0.049280782727126486, 0.9911601008637151, -0.12317897105282177], [0.2970047255499502, 0.13229241932110222, 0.9456674409067748]], "fy": 1156.2804049882861, "fx": 1163.2547280302354}, {"id": 46, "img_name": "000018", "width": 1957, "height": 1091, "position": [0.9043534552279869, 0.6723546344375257, -2.7471352561354596], "rotation": [[0.9967027159081682, -0.0005276759928427554, 0.081138262609746], [0.010048584815532518, 0.993083619976023, -0.11697841543858792], [-0.08051535284954402, 0.11740802908389357, 0.9898144435509865]], "fy": 1156.2804049882861, "fx": 1163.2547280302354}, {"id": 47, "img_name": "000019", "width": 1957, "height": 1091, "position": [1.013336659167977, 0.6979573983920615, -2.8518687679100747], "rotation": [[0.9828007822582401, -0.00927388612409046, 0.1844359439717453], [0.02823022890390516, 0.9945443705575125, -0.10042185602942429], [-0.18249842894837337, 0.10390134757797274, 0.9777007893025642]], "fy": 1156.2804049882861, "fx": 1163.2547280302354}, {"id": 48, "img_name": "000020", "width": 1957, "height": 1091, "position": [1.067588836978122, 0.6667876103427509, -2.863416020701911], "rotation": [[0.9793279471544107, -0.030809519914986518, 0.19991884704783439], [0.036333394170274244, 0.999051014692727, -0.024019877383119823], [-0.1989890861087483, 0.03078706748036713, 0.9795179937528274]], "fy": 1156.2804049882861, "fx": 1163.2547280302354}, {"id": 49, "img_name": "000021", "width": 1957, "height": 1091, "position": [0.995906523203402, 0.560408322220855, -2.795281679234634], "rotation": [[0.9722193226375982, -0.06739469481582568, 0.22415963909850342], [0.05131002828577288, 0.9957231822082914, 0.0768285455433508], [-0.22837878554586186, -0.06319255908471556, 0.9715193414384099]], "fy": 1156.2804049882861, "fx": 1163.2547280302354}, {"id": 50, "img_name": "000022", "width": 1957, "height": 1091, "position": [0.9140780529121498, 0.4798426220776404, -2.642960281838417], "rotation": [[0.9217413934782976, -0.12387985716420377, 0.36748684947581833], [0.08806252330935628, 0.9897131491329061, 0.1127513832368146], [-0.37767419231008537, -0.0715657978534609, 0.9231687500346414]], "fy": 1156.2804049882861, "fx": 1163.2547280302354}, {"id": 51, "img_name": "000023", "width": 1957, "height": 1091, "position": [0.6694808017795313, 0.4184485927861609, -2.4982377076746496], "rotation": [[0.8509101720796426, -0.18896653956504333, 0.49014643319747414], [0.1405907694101072, 0.9809423300730629, 0.1341133126408566], [-0.5061483128570786, -0.04520831777054955, 0.8612607580728905]], "fy": 1156.2804049882861, "fx": 1163.2547280302354}, {"id": 52, "img_name": "000024", "width": 1957, "height": 1091, "position": [0.4077117843406093, 0.3685293079812986, -2.2599128055030406], "rotation": [[0.8013522124593747, -0.23910846791889334, 0.5483263372809523], [0.19056513925671392, 0.9709233930670409, 0.1448885519813547], [-0.5670269475840933, -0.011614876868225148, 0.82361734764926]], "fy": 1156.2804049882861, "fx": 1163.2547280302354}, {"id": 53, "img_name": "000026", "width": 1957, "height": 1091, "position": [-0.07811919503658664, 0.3010070129744876, -1.9240824091517466], "rotation": [[0.6680748751203316, -0.29929613308477865, 0.681247228217078], [0.24618779219036385, 0.9528844343810178, 0.1772084244351885], [-0.7021876759167648, 0.04932625502575815, 0.7102812037184615]], "fy": 1156.2804049882861, "fx": 1163.2547280302354}, {"id": 54, "img_name": "000027", "width": 1957, "height": 1091, "position": [-0.41214317163016867, 0.23583730012555687, -1.752100427698706], "rotation": [[0.574039740814046, -0.3107651781925663, 0.7575641094911277], [0.25855734525956153, 0.9466401935517055, 0.1924069727549334], [-0.7769340224101856, 0.08542451624289263, 0.6237597108231637]], "fy": 1156.2804049882861, "fx": 1163.2547280302354}, {"id": 55, "img_name": "000028", "width": 1957, "height": 1091, "position": [-0.6956413246079491, 0.18392933487663488, -1.5217455622952574], "rotation": [[0.5353315193710199, -0.31416029015553426, 0.7840430322739345], [0.2695822609498778, 0.9432561919104486, 0.1938895587796066], [-0.8004658449609621, 0.10756890123074186, 0.5896468116923415]], "fy": 1156.2804049882861, "fx": 1163.2547280302354}, {"id": 56, "img_name": "000029", "width": 1957, "height": 1091, "position": [-1.0084206201299835, 0.12315868487183501, -1.3507132399746369], "rotation": [[0.49175178789712815, -0.30548149487111026, 0.8153902350355255], [0.26741387289938195, 0.9441671671269064, 0.1924530620710037], [-0.8286555374104075, 0.1234075233154942, 0.5459858821509992]], "fy": 1156.2804049882861, "fx": 1163.2547280302354}, {"id": 57, "img_name": "000030", "width": 1957, "height": 1091, "position": [-1.2417717365582228, 0.10095301370863499, -1.21999272439176], "rotation": [[0.4626658826512327, -0.3029964409599004, 0.8331467084470712], [0.2638765798035184, 0.9442525256786055, 0.19686624489935317], [-0.8463506552616078, 0.12876460893897934, 0.5168270927718851]], "fy": 1156.2804049882861, "fx": 1163.2547280302354}, {"id": 58, "img_name": "000031", "width": 1957, "height": 1091, "position": [-1.5014309141558286, 0.06666705950800735, -1.2089805092914445], "rotation": [[0.430710287151913, -0.294111310533134, 0.8532216508961775], [0.2574283649799937, 0.9461692364187432, 0.1961999310868878], [-0.864996696782851, 0.13513812589811514, 0.4832374173048911]], "fy": 1156.2804049882861, "fx": 1163.2547280302354}, {"id": 59, "img_name": "000032", "width": 1957, "height": 1091, "position": [-1.6193819070652062, 0.07112626257361686, -1.3483416404321882], "rotation": [[0.4518250633270045, -0.29104252720416746, 0.8432961280049611], [0.26217326467336555, 0.9468636792754211, 0.18631787933400734], [-0.8527129009461846, 0.13690661133642792, 0.5041203113665611]], "fy": 1156.2804049882861, "fx": 1163.2547280302354}, {"id": 60, "img_name": "000034", "width": 1957, "height": 1091, "position": [-1.5712242536669916, 0.13719960180203958, -1.7205443624461483], "rotation": [[0.6411976375921805, -0.2743541059028847, 0.7166557151941477], [0.25657275452837913, 0.9568045356005179, 0.13673149705900794], [-0.7232122863861806, 0.09620241799719, 0.6838925965322092]], "fy": 1156.2804049882861, "fx": 1163.2547280302354}, {"id": 61, "img_name": "000035", "width": 1957, "height": 1091, "position": [-1.3953163879581472, 0.2096886168005973, -2.03334421109062], "rotation": [[0.7315622229978185, -0.2583016245411849, 0.6309492726375667], [0.24532875214240363, 0.9631940382397792, 0.10986832151078714], [-0.636105743768079, 0.07441448419986096, 0.7680051870179833]], "fy": 1156.2804049882861, "fx": 1163.2547280302354}, {"id": 62, "img_name": "000036", "width": 1957, "height": 1091, "position": [-1.142223456980362, 0.2562337942139575, -2.370350238912589], "rotation": [[0.8247300853332827, -0.23795239615460992, 0.5130291838779112], [0.22874390532400007, 0.9700110696860715, 0.08218728894183183], [-0.5172006497707452, 0.04956996924310985, 0.8544274726540318]], "fy": 1156.2804049882861, "fx": 1163.2547280302354}, {"id": 63, "img_name": "000037", "width": 1957, "height": 1091, "position": [-0.9024824060390978, 0.2984145235190315, -2.6222801147602985], "rotation": [[0.9064455133922875, -0.21067546202949863, 0.3660223776624178], [0.2043180541932775, 0.9772720757397386, 0.056510377011798056], [-0.3696087985717673, 0.02356140229273115, 0.9288886888859907]], "fy": 1156.2804049882861, "fx": 1163.2547280302354}, {"id": 64, "img_name": "000038", "width": 1957, "height": 1091, "position": [-0.6007987698297398, 0.3061196224658953, -2.741063167131021], "rotation": [[0.9699869515972008, -0.17134980203770836, 0.1725240825879325], [0.16916433250338112, 0.9852068138797131, 0.027403694890831373], [-0.17466751941862318, 0.0026036948020884817, 0.9846240289742693]], "fy": 1156.2804049882861, "fx": 1163.2547280302354}, {"id": 65, "img_name": "000039", "width": 1957, "height": 1091, "position": [-0.25933820972706656, 0.29531380911853483, -2.7857073207555825], "rotation": [[0.9915197733337052, -0.12988397835673643, 0.004323338351858155], [0.1297714534616082, 0.9913362498687435, 0.02029309150026475], [-0.006921629485856436, -0.0195599555828557, 0.9997847264200715]], "fy": 1156.2804049882861, "fx": 1163.2547280302354}, {"id": 66, "img_name": "000040", "width": 1957, "height": 1091, "position": [-0.005983386745501988, 0.3284887157853171, -2.9596774312448106], "rotation": [[0.9919333214688936, -0.09634535218646978, -0.08237632470409048], [0.09859278911406169, 0.9948466707705891, 0.023655096520314327], [0.07967275377692684, -0.031585990070604524, 0.9963205194799819]], "fy": 1156.2804049882861, "fx": 1163.2547280302354}, {"id": 67, "img_name": "000042", "width": 1957, "height": 1091, "position": [0.5723638087365801, 0.4361316053954599, -3.300650532174448], "rotation": [[0.9768832925063916, -0.052918286785777, -0.2071199839357127], [0.06616341438473076, 0.9961478524155267, 0.05754875085428504], [0.20327674588802827, -0.06992217853866133, 0.9766214484279881]], "fy": 1156.2804049882861, "fx": 1163.2547280302354}, {"id": 68, "img_name": "000043", "width": 1957, "height": 1091, "position": [0.8808942345333071, 0.4943375693093313, -3.523403612016898], "rotation": [[0.9796938101326492, -0.05151315707694979, -0.1937690198038335], [0.06669532443673336, 0.9951243393353567, 0.07265867436616835], [0.18908139011032207, -0.0841067411705834, 0.9783528422831984]], "fy": 1156.2804049882861, "fx": 1163.2547280302354}, {"id": 69, "img_name": "000044", "width": 1957, "height": 1091, "position": [1.083140716782845, 0.5402992769618339, -3.663405107437203], "rotation": [[0.9964393740473897, -0.07174818532210872, -0.044280602423976446], [0.07607620096998291, 0.9915194054994385, 0.10536451093235721], [0.03634536413383, -0.10835804732932576, 0.9934473051374968]], "fy": 1156.2804049882861, "fx": 1163.2547280302354}, {"id": 70, "img_name": "000045", "width": 1957, "height": 1091, "position": [0.8416284701165729, 0.4604092159487212, -3.7269678021525365], "rotation": [[0.9802533946839174, -0.11369946203426941, 0.1617891051454761], [0.09165792850962302, 0.9862185560809923, 0.1377380985161603], [-0.1752201653691179, -0.12018898441471401, 0.9771655446613836]], "fy": 1156.2804049882861, "fx": 1163.2547280302354}, {"id": 71, "img_name": "000046", "width": 1957, "height": 1091, "position": [0.5114324964417793, 0.4014063239668199, -3.581228721357784], "rotation": [[0.9380371964087374, -0.1631883390325946, 0.3057053878449295], [0.11916137301756066, 0.9802801025697119, 0.15764354628872373], [-0.32540249743080585, -0.11144723643813774, 0.9389849456493412]], "fy": 1156.2804049882861, "fx": 1163.2547280302354}, {"id": 72, "img_name": "000047", "width": 1957, "height": 1091, "position": [0.13110126300887517, 0.37662897014263447, -3.3975926373932066], "rotation": [[0.9010205282693817, -0.19665676792206677, 0.3866369398642747], [0.14422525590684937, 0.9764345572962098, 0.16054479398709423], [-0.4090978895029505, -0.08889134349418451, 0.9081504533148846]], "fy": 1156.2804049882861, "fx": 1163.2547280302354}, {"id": 73, "img_name": "000048", "width": 1957, "height": 1091, "position": [-0.305377651043936, 0.29980542790862996, -3.188147628885439], "rotation": [[0.8599780709074073, -0.21746906236853733, 0.4616762117230251], [0.1636217428450708, 0.9743974899256711, 0.15419940627283069], [-0.483389742161246, -0.05706784154934518, 0.8735431406829218]], "fy": 1156.2804049882861, "fx": 1163.2547280302354}, {"id": 74, "img_name": "000050", "width": 1957, "height": 1091, "position": [-1.1758820798481735, 0.20830069558478043, -2.743901345259162], "rotation": [[0.8283437628619266, -0.2325008829648041, 0.5096959387206562], [0.18386751065943654, 0.9722451810939086, 0.14467911516032655], [-0.5291874422656366, -0.02612751921364709, 0.848102590308563]], "fy": 1156.2804049882861, "fx": 1163.2547280302354}, {"id": 75, "img_name": "000051", "width": 1957, "height": 1091, "position": [-1.544446334132951, 0.16887532432808117, -2.5096820912420625], "rotation": [[0.8129073863281522, -0.23323420809885462, 0.5336509959005344], [0.18476126702589288, 0.9722532594844633, 0.1434812657764889], [-0.5523086595918253, -0.018038946597208293, 0.8334445038186671]], "fy": 1156.2804049882861, "fx": 1163.2547280302354}, {"id": 76, "img_name": "000052", "width": 1957, "height": 1091, "position": [-1.9676710559599782, 0.1418132962454827, -2.287289046590662], "rotation": [[0.7916662951873041, -0.23450490921241496, 0.564155939984403], [0.1828682816663827, 0.9720205196508431, 0.14742896912781114], [-0.5829439669683466, -0.013548318455866962, 0.8123993934280267]], "fy": 1156.2804049882861, "fx": 1163.2547280302354}, {"id": 77, "img_name": "000053", "width": 1957, "height": 1091, "position": [-2.327279035839529, 0.10619368774958061, -2.1084617856876124], "rotation": [[0.7716542912388805, -0.23754892299486421, 0.5900170878852586], [0.18275554980146533, 0.9713290835097893, 0.15205334769348938], [-0.609220866213055, -0.009503720956188712, 0.7929436395221302]], "fy": 1156.2804049882861, "fx": 1163.2547280302354}, {"id": 78, "img_name": "000054", "width": 1957, "height": 1091, "position": [-2.614685552885084, 0.10439582803357449, -1.8975723626346692], "rotation": [[0.7398170732118662, -0.2441251368936309, 0.6269558323525621], [0.18190315316771244, 0.9697219321681373, 0.16294360110092762], [-0.6477514500577146, -0.006503215263271308, 0.761823973854438]], "fy": 1156.2804049882861, "fx": 1163.2547280302354}, {"id": 79, "img_name": "000055", "width": 1957, "height": 1091, "position": [-2.9471495329445485, 0.10093496490356864, -1.6510246387282028], "rotation": [[0.6749567847807829, -0.2541368605898485, 0.6927104696537537], [0.18059315091442185, 0.9671583661670603, 0.1788597455993477], [-0.7154155802896586, 0.004376167569735977, 0.6986854776193737]], "fy": 1156.2804049882861, "fx": 1163.2547280302354}, {"id": 80, "img_name": "000056", "width": 1957, "height": 1091, "position": [-3.17936783303901, 0.09646238551980973, -1.4089041974364673], "rotation": [[0.6034407983424558, -0.2697581365447787, 0.7503930641095427], [0.18214562388973374, 0.9627916405066483, 0.19963774359658717], [-0.7763260749154566, 0.01621125344955055, 0.6301230202650553]], "fy": 1156.2804049882861, "fx": 1163.2547280302354}, {"id": 81, "img_name": "000058", "width": 1957, "height": 1091, "position": [-3.383592149933266, 0.02436606183045543, -0.9025055680350822], "rotation": [[0.3911025003173499, -0.3086266779063856, 0.8670573267840975], [0.18307151904407443, 0.9493598694728013, 0.2553441934908268], [-0.9019554607409459, 0.0588677493968797, 0.4277977733936139]], "fy": 1156.2804049882861, "fx": 1163.2547280302354}, {"id": 82, "img_name": "000059", "width": 1957, "height": 1091, "position": [-3.5968424398434697, -0.01751539318244198, -0.6496163266935583], "rotation": [[0.3093585592161053, -0.32266038909093475, 0.8945320313725058], [0.18692865068248524, 0.9429569039432738, 0.275481318531295], [-0.9323920642056971, 0.08199116182493077, 0.3520262603682248]], "fy": 1156.2804049882861, "fx": 1163.2547280302354}, {"id": 83, "img_name": "000060", "width": 1957, "height": 1091, "position": [-3.7981402257055823, -0.08271410088003893, -0.33630537148285616], "rotation": [[0.22771567480066943, -0.33461516971301375, 0.9144278318424076], [0.19122864203394468, 0.9361803219048934, 0.294954252967988], [-0.9547655093874774, 0.10769908577133527, 0.2771709382458583]], "fy": 1156.2804049882861, "fx": 1163.2547280302354}, {"id": 84, "img_name": "000061", "width": 1957, "height": 1091, "position": [-3.9503998653100005, -0.26079758808469694, -0.2524203164165004], "rotation": [[0.25432914637618304, -0.34075687612192346, 0.9050974735790559], [0.21481227719550666, 0.9323972663062616, 0.29067339635868084], [-0.9429593686207496, 0.12049933261324781, 0.31033456135293574]], "fy": 1156.2804049882861, "fx": 1163.2547280302354}, {"id": 85, "img_name": "000062", "width": 1957, "height": 1091, "position": [-3.992761158015044, -0.35652968525384476, -0.16734416175010416], "rotation": [[0.25061950050185494, -0.3002976701600202, 0.920332100529295], [0.21827098471734016, 0.9437213267749512, 0.24849111577810656], [-0.9431583341087135, 0.1386050745340497, 0.3020612357034367]], "fy": 1156.2804049882861, "fx": 1163.2547280302354}, {"id": 86, "img_name": "000063", "width": 1957, "height": 1091, "position": [-3.98476862081635, -0.3486475336106371, 0.14811770441011549], "rotation": [[0.1350767124018213, -0.28823551720510787, 0.9479844768709135], [0.1952054413382248, 0.9457431981323203, 0.2597395596716054], [-0.9714160372562646, 0.1499669623882357, 0.1840130233254727]], "fy": 1156.2804049882861, "fx": 1163.2547280302354}, {"id": 87, "img_name": "000064", "width": 1957, "height": 1091, "position": [-4.038958726098879, -0.3514067188826155, 0.5484521411250961], "rotation": [[-0.06462879535458335, -0.28479066848793255, 0.9564085915304251], [0.15947429224751639, 0.9431472650679521, 0.29161822046469615], [-0.9850842953388144, 0.1713695175258393, -0.01553768128750151]], "fy": 1156.2804049882861, "fx": 1163.2547280302354}, {"id": 88, "img_name": "000066", "width": 1957, "height": 1091, "position": [-3.883559281602146, -0.43053915488662714, 1.2790449925926612], "rotation": [[-0.34321506588838707, -0.27755591759649095, 0.8973104987429932], [0.11602593362731656, 0.9354952516049251, 0.33374633623539185], [-0.9320629813875987, 0.21865805915128683, -0.28887237994493825]], "fy": 1156.2804049882861, "fx": 1163.2547280302354}, {"id": 89, "img_name": "000067", "width": 1957, "height": 1091, "position": [-3.8499248356226103, -0.4488299082649233, 1.6806976119329686], "rotation": [[-0.5103150985367653, -0.26275643379908015, 0.8188635763682501], [0.08012390474224183, 0.933512336507472, 0.34947800714382055], [-0.8562468453047096, 0.24395445084185235, -0.45533236851796804]], "fy": 1156.2804049882861, "fx": 1163.2547280302354}, {"id": 90, "img_name": "000068", "width": 1957, "height": 1091, "position": [-3.668098448345425, -0.44460937083561897, 2.0089390281998654], "rotation": [[-0.5819393778168986, -0.2566361083763852, 0.7716764013649149], [0.07258636660274861, 0.928721499527748, 0.3636036244296014], [-0.8099862837909617, 0.26760845314069504, -0.5218313289542438]], "fy": 1156.2804049882861, "fx": 1163.2547280302354}, {"id": 91, "img_name": "000069", "width": 1957, "height": 1091, "position": [-3.3670928770276105, -0.4537070409239812, 2.3259702903275215], "rotation": [[-0.6234636631335229, -0.2577959603380398, 0.7381289207079724], [0.06867527708538035, 0.9223715038987931, 0.38015064791832853], [-0.7788303840178391, 0.2877013236480961, -0.5573609075830113]], "fy": 1156.2804049882861, "fx": 1163.2547280302354}, {"id": 92, "img_name": "000070", "width": 1957, "height": 1091, "position": [-3.0394391978930955, -0.4726133599709087, 2.5128443458921486], "rotation": [[-0.6441400991211426, -0.2717905120761304, 0.7149919232058493], [0.0723094976513947, 0.908920106674663, 0.4106526223365948], [-0.761482021622052, 0.31621852764807096, -0.5658188522119766]], "fy": 1156.2804049882861, "fx": 1163.2547280302354}, {"id": 93, "img_name": "000071", "width": 1957, "height": 1091, "position": [-2.7557173131073096, -0.4554544743496585, 2.6065860962718443], "rotation": [[-0.6607660210809835, -0.2775811886661803, 0.6973786267756384], [0.0816186177988288, 0.897023894960721, 0.4343806315872134], [-0.7461411841021869, 0.3439430411684006, -0.570067116941872]], "fy": 1156.2804049882861, "fx": 1163.2547280302354}, {"id": 94, "img_name": "000072", "width": 1957, "height": 1091, "position": [-2.5138204902399783, -0.5440356627111828, 2.9132843827786883], "rotation": [[-0.6997040442177062, -0.26624770411989146, 0.6629678804861311], [0.08005362844305147, 0.8929013879943924, 0.44307846696808595], [-0.7099335652569809, 0.36309677961746517, -0.6034526174878502]], "fy": 1156.2804049882861, "fx": 1163.2547280302354}, {"id": 95, "img_name": "000074", "width": 1957, "height": 1091, "position": [-1.9066778493267436, -0.66344353665426, 3.5448357984842875], "rotation": [[-0.8187395207291741, -0.19953947008991826, 0.5383768169901046], [0.0727276924763105, 0.8940749998411922, 0.44197350305877303], [-0.569540411159062, 0.4010160776517653, -0.7175024916483289]], "fy": 1156.2804049882861, "fx": 1163.2547280302354}, {"id": 96, "img_name": "000075", "width": 1957, "height": 1091, "position": [-1.6037414979022426, -0.7423053662506781, 3.904080986309946], "rotation": [[-0.8395086983910183, -0.1720900390344997, 0.5153738097642544], [0.08419345464499418, 0.8958609423411378, 0.43628503777070987], [-0.5367835760534768, 0.4096561856639697, -0.7375941987478534]], "fy": 1156.2804049882861, "fx": 1163.2547280302354}, {"id": 97, "img_name": "000076", "width": 1957, "height": 1091, "position": [-1.3074875384148545, -0.7982889092723741, 4.221296230690368], "rotation": [[-0.8470658420538649, -0.15593435730429595, 0.5080983521304443], [0.09301919834497553, 0.8977413923159671, 0.4305900849553401], [-0.5232847102341468, 0.41200105428831735, -0.7459411795178492]], "fy": 1156.2804049882861, "fx": 1163.2547280302354}, {"id": 98, "img_name": "000077", "width": 1957, "height": 1091, "position": [-1.0115385172468485, -0.8428782453600624, 4.639360318102095], "rotation": [[-0.8590952125671099, -0.1437805404124762, 0.4912052238555373], [0.09217394338177805, 0.9005754088510706, 0.42481513289215533], [-0.5034474946861143, 0.41023296938620507, -0.7604272029082416]], "fy": 1156.2804049882861, "fx": 1163.2547280302354}, {"id": 99, "img_name": "000078", "width": 1957, "height": 1091, "position": [-0.7003734176982044, -0.8754497499635266, 4.962350048548623], "rotation": [[-0.8640838011000933, -0.13664498845051695, 0.48444538578437424], [0.09265912573907807, 0.9028164370740266, 0.419924716307852], [-0.4947458651607742, 0.4077384309582778, -0.7674476534761169]], "fy": 1156.2804049882861, "fx": 1163.2547280302354}, {"id": 100, "img_name": "000079", "width": 1957, "height": 1091, "position": [-0.47470832517996886, -0.8512059918518077, 5.19559305